0819452377
0971517748
0863805875
0811498891
0652422708
0622853909
0649523852
0871224932
0896762003
0855582289
0862386776
0877496436
0642720022
0842500636
0927783494
0963965996
0815519929
0615299494
0817382894
0959014222
0632602238
0615655245
0899046344
0896125191
0993956923
0892258893
0815402391
0819352808
0818208967
0955615599
0842111465
0819301144
0869914963
0863400542
0932229854
0945825165
0813387448
0816951114
0869194811
0894688778
0614454289
0815413488
0971249609
0835365149
0815426926
0633277526
0814578745
0872754300
0804629153
0819263216
0963932446
0800023939
0655346057
0817520455
0878991695
0913093907
0869939495
0872339418
0818136787
0957033676
0824255029
0995915453
0814454249
0638846665
0842920491
0819386622
0824926952
0841602722
0622315688
0810372563
0875747557
0980486967
0423907214
0826632616
0918717788
0984654429
0843480535
0819216021
0635090741
0948451618
0860348129
0802455292
0945351656
0816118880
0842277066
0944799787
0894705216
0959582480
0982475943
0996133907
0856656645
0868575684
0822249194
0809636355
0814336982
0625424428
0967828942
0865704077
0838294944
0819894557
0929663594
0842892893
0643321948
0918829896
0929663594
0877338370
0868518952
0942619156
0942614984
0898738141
0831977888
0914149280
0965757898
0922816963
0990988826
0878419519
0828957990
0878055447
0909253339
0994069996
0641065559
0935785519
0854118665
0853654242
0973619861
0632602238
0931318475
0917327948
0863115538
0935790078
0817235584
0898461129
0656886234
0898239301
0896715404
0918652865
0818926064
0659628083
0857278179
0896109106
0811984474
0832656654
0876220944
0875662525
0850819826
0814264414
0653455796
0855646694
0893993924
0818799882
0876987911
0817824388
0946262391
0865468066
0902167980
0634532243
0985704258
0863839042
0926247561
0846555573
0892258893
0855922987
0816463647
0800099805
0821358818
0889247078
0632246811
0958246699
0969291479
0817072268
0952423089
0822839019
0909918851
0944494265
0995695465
0833773199
0991454954
0894313628
0869663305
0810928651
0944615541
0808149144
0631631167
0829569366
0614635353
0851994903
0646947978
0972636356
0942646155
0927716595
0869466600
0981515026
0814105535
0950629784
0646514699
0935742383
0930405051
0822431809
0805964941
0805952757
0651544932
0944612772
0813387448
0896675291
0840148159
0958244545
0814421818
0896886244
0949956414
0884455469
0635810502
0873127476
0934255356
0933569926
0863550439
0897291107
0872664840
0819716811
0896117586
0651014289
0819076682
0925926197
0925763677
0800295778
0933368838
0833487881
0982956322
0832287963
0816515640
0817838681
0811414333
0990790275
0986905686
0956109417
0838804512
0904996458
0893629266
0838462850
0625839339
0910705359
0960644873
0624649142
0839745555
0818646298
0639986193
0625416693
0849439669
0885417739
0973346899
0824880187
0891699096
0833966453
0946799012
0614989461
0818320612
0610358448
0894313628
0811855324
0814245141
0864028875
0655433236
0932752445
0868815762
0838563535
0882535611
0987761290
0872741318
0878131448
0864582048
0818332105
0819681105
0909862908
0874633036
0655414782
0876664449
0805662634
0817205590
0921424956
0973538181
0922616548
0825191816
0942328235
0953935946
0639515579
0818924705
0927466246
0952655366
0910760924
0814134615
0855582289
0870416246
0818979575
0861132177
0643437707
0805943966
0656645154
0870298154
0961308886
0646369994
0972027794
0935756366
0933292618
0610186802
0926985498
0871602857
0808785584
0893993924
0899924445
0815712130
0637891966
0973346899
0831977888
0876834244
0814094716
0917327948
0896655744
0885545416
0923236629
0914149280
0818399843
0915219559
0900765243
0931232444
0914358824
0845155504
0617981243
0842277066
0904688896
0869988099
0926615990
0818095093
0821599738
0818769615
0914646453
0992892254
0877496436
0849089182
0984739951
0814714841
0616199882
0879076090
0815451562
0898725656
0829265541
0972023347
0884967450
0631481045
0899622378
0843419466
0862076777
0922916665
0987639626
0948954965
0969463616
0828118939
0632155684
0896197982
0861347733
0812951101
0933269964
0862783011
0821929352
0893692995
0614566359
0886244924
0622072495
0840952830
0994266778
0826462419
0641539953
0863474940
0928696416
0996353542
0628255323
0899468558
0848833342
0852571881
0896476626
0986694706
0635215887
0817614165
0983906290
0909636844
0629641565
0952564006
0910767356
0923566362
0817946772
0936395629
0918762865
0879552089
0955150626
0651546665
0892896100
0959596602
0835693556
0956686508
0642720022
0824395797
0852452361
0843853306
0930523745
0948626696
0812973196
0917234844
0857487485
0897148629
0957098936
0818515669
0952508689
0615195428
0876518992
0966917965
0811044318
0824255029
0836476996
0816293303
0869588389
0957954495
0634485789
0985297466
0647692080
0860829852
0988293690
0611905127
0895105552
0817072268
0879474347
0811690021
0880525338
0820762525
0818869159
0889652545
0823846188
0840792376
0868739191
0805952757
0818311412
0971182566
0949850202
0917167273
0964194149
0625954958
0818015478
0924282465
0817629999
0635656245
0816479579
0969891662
0849439669
0811808528
0895922442
0935314397
0905485959
0832224347
0881469156
0652626150
0822453822
0621986987
0851707773
0866166269
0868208264
0819408302
0904197248
0635694599
0817622619
0949694454
0822503443
0875889439
0994478830
0825362622
0816635026
0969036359
0909933307
0810928651
0898725656
0818660233
0972023347
0897806956
0818904629
0847690522
0831998127
0838294944
0633982824
0816882236
0812838882
0855922492
0872940308
0818620286
0874227480
0893629266
0838416665
0867533534
0971479947
0925529938
0932690391
0818104723
0631801184
0899928162
0833533948
0904688896
0879954600
0631199030
0614962959
0659465265
0634532243
0833717618
0863203534
0819153008
0917790639
0989266988
0898224298
0862990160
0818079587
0816203646
0942189951
0880772463
0619535165
0918269066
0650106699
0816570184
0817002688
0801461465
0819935994
0924719719
0905749687
0901627682
0856083184
0981656359
0814291551
0844662244
0924412929
0954415359
0820762525
0890343626
0968951514
0910422870
0816084171
0966324642
0894152665
0803578710
0892465956
0899844655
0624649142
0837926958
0951619249
0984409286
0623561982
0891179977
0891212424
0952748891
0959299665
0831977888
0963249519
0955549923
0818769615
0653836498
0917742897
0871376139
0818136787
0945461850
0955150626
0970893193
0988594667
0814245141
0889239626
0850221812
0815367895
0808380933
0934694426
0655708242
0832912644
0935818155
0953399666
0805952757
0968824889
0834240013
0899388895
0890356808
0867762778
0818669074
0965168895
0869632134
0851888905
0937407557
0649932039
0896071522
0629982938
0877843337
0849999649
0642356461
0885634277
0952064916
0652569199
0856969099
0873476564
0985646993
0816873914
0892336650
0812611640
0836756655
0971255437
0875667734
0881200286
0934565989
0898367787
0824519294
0853554661
0846242611
0612366776
0843181990
0956969696
0914654241
0955642253
0972483133
0632461932
0955569695
0876836095
0898629512
0925546590
0882535611
0869092292
0868308015
0852571082
0623542935
0656693344
0909782834
0867877393
0624416441
0810040077
0883939957
0819153008
0897829961
0852955944
0894518156
0817214229
0869588389
0834432666
0890016655
0979366159
0942428789
0803674513
0880699994
0931071158
0910705359
0990737886
0933961656
0995695465
0924440595
0948954965
0892878053
0857726429
0921956052
0959369564
0968951514
0824880187
0964649153
0816261172
0911423943
0927096345
0882513832
0818834511
0865142842
0936565428
0929941237
0825149165
0635416991
0984639203
0818136787
0982388383
0899077937
0828984636
0867882161
0952359255
0622255654
0878991695
0952748891
0811690021
0982479345
0640086222
0986694706
0816362123
0926366235
0658796261
0989097099
0857383199
0952871752
0994535964
0659556563
0851994903
0933822821
0655081661
0919822712
0952508689
0890511153
0885814859
0898915923
0859998181
0969036359
0931536425
0942845964
0629678989
0922696432
0814291551
0851321657
0870889510
0996245169
0891944197
0898289558
0809163926
0928951536
0658796654
0987595431
0896076852
0953650617
0894198269
0994593060
0999177115
0929455956
0818453144
0839993192
0642429915
0871591011
0868123488
0932356428
0804142493
0813459863
0816882236
0811741567
0922954491
0854272138
0818193091
0818361799
0958518999
0853347165
0933167999
0830789514
0987771750
0961959691
0984130712
0932809493
0956896929
0833288264
0944352428
0842469328
0868172552
0624547893
0654789162
0924459415
0904996458
0818422589
0807971704
0818915575
0618891441
0899097454
0877338370
0863389249
0840952830
0854118665
0865701684
0818894599
0846242611
0918580439
0899949280
0833671550
0851049770
0890033674
0837946747
0996245169
0934575111
0817425459
0652626150
0935364299
0816570184
0832975735
0829959559
0997975187
0824661199
0863760998
0935455564
0616519235
0866549693
0819825811
0972348900
0848951565
0874955835
0819419152
0819405450
0924415775
0825654247
0897280048
0859998181
0935818155
0819819282
0636254456
0955215975
0899495924
0895428444
0989429961
0804599999
0814073676
0984446362
0843624697
0917167273
0973282665
0964194171
0834240013
0936166387
0892014886
0955150626
0892633922
0643239282
0952748891
0876593238
0859451133
0942894661
0920244565
0892026610
0861347733
0939826595
0917329165
0925519696
0819375516
0818405334
0842277066
0616935689
0849297735
0818669074
0950783959
0819822900
0898051054
0821558979
0869220040
0643060793
0811690021
0958246699
0619394193
0639399162
0956686508
0617891765
0815712130
0862086502
0930487684
0882676074
0922646898
0805808162
0804998765
0897754881
0890320759
0872371961
0815654926
0653249782
0909546979
0832954455
0852003646
0821683407
0630495195
0983255351
0636629593
0645643247
0629945591
0815872776
0816053434
0929746365
0855639647
0946245649
0892009917
0833773199
0985961869
0877221318
0898374426
0872741318
0903243389
0863666261
0891221956
0612276479
0861716689
0830647019
0887909416
0887909416
0972483133
0891068168
0806062599
0843989924
0924412929
0949932326
0897295559
0869420111
0818754624
0813488549
0614910520
0948303968
0613130055
0918360474
0862889624
0865465480
0927944597
0983723409
0614165142
0968951514
0650846839
0905945559
0991484344
0806234898
0899622378
0818666634
0919566264
0991414196
0809163926
0966965999
0818786006
0625922924
0899224436
0956905800
0930261160
0926664152
0648235696
0618965262
0870298154
0951165821
0637395454
0915960135
0652569199
0947596942
0896117586
0815993368
0939826595
0619901617
0658064305
0819104624
0823376699
0621547925
0971182566
0629978287
0994495056
0937698730
0944677579
0837896698
0884276133
0899499558
0857278179
0945814659
0985569301
0890747997
0899495924
0823539244
0829511142
0937202050
0659655891
0892014886
0935818155
0656649562
0649749636
0899046344
0936240064
0826615498
0934247013
0819458037
0895182597
0892878053
0942647453
0813683168
0947175772
0853992864
0846144936
0929694536
0614926494
0897974204
0819927345
0818892981
0863305088
0924276280
0891443197
0898051054
0943629994
0863115538
0646131321
0876680429
0898372156
0959461992
0892009917
0812640177
0909708315
0846577791
0929399789
0843681193
0614566359
0898927718
0823107008
0650106699
0909378628
0935471110
0842624509
0644691145
0985704258
0988293690
0899259777
0939282665
0816203646
0874547597
0653025812
0904966599
0628692451
0821947270
0867952143
0923289923
0610186802
0820618006
0817559448
0956969696
0848248925
0923289923
0836984515
0831183553
0658239154
0856083184
0986597789
0956961426
0844262404
0816227092
0909890554
0898981458
0869921169
0992422628
0819444184
0816441715
0855559556
0651542635
0875696888
0874512192
0925541956
0813513587
0924420007
0614910520
0818194662
0893629266
0816215474
0988988685
0836619111
0842898289
0827814614
0863236550
0815366583
0840230627
0995915453
0627069561
0961962641
0941954244
0863562885
0983423990
0847797972
0935614615
0990737886
0918264176
0818015478
0849196969
0933232426
0624465515
0899676590
0612369599
0804479690
0862557240
0625018154
0945604205
0858791001
0819038945
0970790583
0844220358
0819408302
0979187856
0847517332
0843181990
0842459796
0628692451
0816117278
0648087359
0616536922
0860758788
0832365328
0620743005
0636305242
0842860635
0853245098
0861799895
0636265499
0972023347
0819301144
0648239989
0917968617
0809995789
0619394193
0982469562
0935455564
0924496623
0817848119
0933922720
0824424595
0616359396
0944949838
0813683168
0892439960
0862679928
0646417888
0864501674
0890465818
0958040599
0942363599
0941985151
0969782822
0612276479
0891212424
0862399134
0625216943
0661569515
0956790489
0899078980
0939294142
0876836095
0892105544
0613979885
0888860056
0887368107
0861799895
0870873801
0927924969
0926664152
0848248925
0895927490
0846144936
0653258039
0956614634
0956699935
0865142842
0625424428
0808300989
0984281400
0896136093
0874547597
0931764481
0630133284
0659969942
0659016331
0843145511
0800718390
0879481780
0811764524
0638570333
0953966249
0872339418
0906722252
0629292944
0939177582
0818915286
0848318510
0890356808
0866047888
0862399134
0854445199
0910209599
0632654343
0652569199
0843880474
0831998127
0935455564
0899949280
0879991992
0870129146
0969244563
0843624372
0979898978
0861658333
0814264551
0819940894
0984422986
0818109188
0892797050
0931135338
0909821333
0809738334
0896123678
0945949788
0895298562
0904266426
0898345606
0968793559
0836008755
0947415395
0822041993
0907690243
0860525977
0639986193
0904562415
0890186124
0892288031
0632698565
0896656162
0801956233
0993292239
0813859389
0991455669
0982233199
0817376707
0866640454
0814298778
0985243151
0860197700
0823750584
0816552010
0846352199
0922569103
0986694706
0818100885
0932356428
0642073013
0629793235
0849699696
0992894624
0800690476
0814384454
0861742293
0831267706
0925094469
0804522680
0814235941
0614914164
0958040599
0960763958
0972023347
0856083184
0814499100
0820762525
0888416718
0819220098
0801988991
0639836359
0919264556
0873062639
0842891619
0954642444
0898345606
0867762778
0818757851
0830438971
0810000420
0863509009
0993364881
0624154290
0924294787
0615478562
0817837703
0929536561
0800009799
0892797050
0932632915
0652329289
0815615654
0868978935
0936499223
0899495924
0909893959
0852571082
0926664152
0970050149
0821683407
0929746365
0843480535
0836476996
0614415563
0943591519
0649423465
0877799917
0658064305
0966756191
0926591422
0861815976
0818620455
0622615995
0893629266
0838850118
0659809618
0856189790
0868119792
0825888233
0827911888
0933233980
0898785227
0959564542
0997133974
0644256924
0898374426
0944323331
0853592294
0833663737
0825928475
0960786345
0614481444
0933292618
0956754131
0988696599
0805941566
0629292944
0636497551
0877274325
0815147987
0931312002
0835575615
0852237825
0924420007
0991454954
0822311557
0897371761
0653622946
0956614634
0891212424
0841281067
0801956233
0854079955
0818053000
0800822266
0616959636
0866191040
0970790583
0995695465
0827876072
0619894644
0992281614
0871420087
0983207491
0840018419
0661544665
0899869519
0925541956
0622590026
0839900539
0917326187
0869912327
0890343626
0895896160
0989989415
0631354579
0904562415
0956578095
0985961869
0954969244
0659623959
0652692491
0850110421
0874547597
0630783859
0646649982
0896787002
0638245323
0836502980
0823262965
0830438971
0631524520
0982946562
0805396949
0814156269
0985459599
0872468383
0829616296
0638570333
0903373801
0813287649
0886368389
0969494519
0982953951
0816484991
0819935994
0810145459
0840477776
0954524196
0851522622
0625528322
0959146111
0918615187
0851358821
0866996894
0930418260
0949326289
0813742482
0967012323
0853734375
0648811898
0935536654
0969341424
0870275174
0969969287
0843084720
0820764475
0884120476
0818331556
0636816332
0936086404
0946545553
0982676495
0624465515
0657562416
0842241946
0946391936
0855798541
0892465956
0922749828
0967012323
0659655891
0889239626
0867667479
0818147066
0818473299
0838842332
0972463856
0984422986
0917329165
0989266988
0982873256
0614646965
0816781300
0841903835
0851600286
0860064092
0800835000
0634232444
0982365969
0616264651
0974153929
0819492288
0945049999
0922299963
0877338370
0860530191
0972023347
0924699195
0814298778
0844255698
0924957474
0819325589
0842829529
0922617167
0857741969
0973965545
0633262616
0812799370
0814536124
0634266514
0611525870
0924296390
0874148396
0954639364
0800851153
0884749422
0623624629
0850566864
0868847511
0819366771
0818646300
0979524499
0867034251
0996133907
0839426566
0819492288
0646155159
0816409334
0817754377
0838822654
0899676590
0818650174
0648087359
0828106989
0992828296
0619919924
0931364693
0650535453
0849142626
0970949209
0909163000
0843612378
0855415946
0986292725
0885070110
0633516651
0966756191
0945592245
0877274325
0836355646
0820762525
0811764524
0888765526
0969659651
0954394412
0937143402
0985027364
0922584159
0816673099
0814165296
0833486118
0972955416
0823539244
0836979651
0992824456
0891212424
0832224347
0837187132
0969544698
0939294142
0835369147
0818962523
0634240906
0994020975
0930287587
0803696539
0992637078
0986694706
0935536654
0945419229
0884791418
0923686898
0898894548
0848469724
0652906403
0936649424
0892059564
0624141666
0869140206
0871420087
0858899995
0981059105
0817827443
0931071158
0894518156
0818119749
0870032112
0931649424
0944626186
0954827636
0636305242
0982686775
0654496516
0654515369
0636566460
0879824145
0813924494
0812062949
0633684466
0830089569
0974299363
0895896160
0816692446
0819022323
0661682645
0812536900
0817351650
0858899995
0619274547
0958936388
0891357700
0993926369
0819371488
0861545564
0843868484
0947828555
0818112285
0645659622
0862748953
0899870678
0820762525
0932379588
0815359399
0867884466
0862783934
0616849994
0863229772
0818147066
0860099386
0899097454
0957093084
0891356755
0896638463
0994109071
0614459824
0649791451